[gd_scene load_steps=8 format=3 uid="uid://b6fjda772r1ef"]

[ext_resource type="PackedScene" uid="uid://cno1rwolwocvj" path="res://scenes/player_character.tscn" id="1_3tfky"]
[ext_resource type="Material" uid="uid://dxlnifhgft6h5" path="res://addons/kenney_prototype_tools/materials/green/material_01.tres" id="2_wkt2m"]
[ext_resource type="Material" uid="uid://8ylcw0h1lkhg" path="res://addons/kenney_prototype_tools/materials/orange/material_01.tres" id="3_yvv1s"]
[ext_resource type="Material" uid="uid://ddal25jay8fq1" path="res://addons/kenney_prototype_tools/materials/purple/material_01.tres" id="4_yvr1c"]

[sub_resource type="PanoramaSkyMaterial" id="PanoramaSkyMaterial_j8lwr"]

[sub_resource type="Sky" id="Sky_rx8i0"]
sky_material = SubResource("PanoramaSkyMaterial_j8lwr")

[sub_resource type="Environment" id="Environment_3y20t"]
background_mode = 2
sky = SubResource("Sky_rx8i0")
tonemap_mode = 2
glow_enabled = true

[node name="World" type="Node3D"]
transform = Transform3D(1, 0, 0, 0, 1, 0, 0, 0, 1, -0.00207305, 0, 0.00271797)

[node name="DirectionalLight3D" type="DirectionalLight3D" parent="."]
transform = Transform3D(-0.96818, -0.0395892, 0.247103, 0.248946, -0.0515414, 0.967145, -0.0255524, 0.997886, 0.0597569, 0, 12.0847, 5.0511)
light_color = Color(1, 1, 0.772549, 1)
shadow_enabled = true
shadow_opacity = 0.5
directional_shadow_split_1 = 0.329

[node name="WorldEnvironment" type="WorldEnvironment" parent="."]
environment = SubResource("Environment_3y20t")

[node name="CharacterBody3D" parent="." instance=ExtResource("1_3tfky")]
transform = Transform3D(-0.842828, 0, -0.538182, 0, 1, 0, 0.538182, 0, -0.842828, 14.392, 7.32409, -13.8648)

[node name="Floor" type="CSGBox3D" parent="."]
transform = Transform3D(1, 0, 0, 0, 1, 0, 0, 0, 1, 0, 0, -45)
material_override = ExtResource("2_wkt2m")
use_collision = true
size = Vector3(100, 1, 100)

[node name="CSGBox3D2" type="CSGBox3D" parent="."]
transform = Transform3D(1, 0, 0, 0, 1, 0, 0, 0, 1, -3.60014, 2, -11.5111)
use_collision = true
size = Vector3(3, 3, 3)
material = ExtResource("3_yvv1s")

[node name="CSGBox3D3" type="CSGBox3D" parent="."]
transform = Transform3D(1, 0, 0, 0, 1, 0, 0, 0, 1, 1.5, 3.5, -10)
use_collision = true
size = Vector3(3, 3, 3)
material = ExtResource("4_yvr1c")

[node name="CSGBox3D6" type="CSGBox3D" parent="."]
transform = Transform3D(1, 0, 0, 0, 1, 0, 0, 0, 1, -3, 3, -6)
use_collision = true
size = Vector3(3, 3, 3)
material = ExtResource("4_yvr1c")

[node name="CSGBox3D4" type="CSGBox3D" parent="."]
transform = Transform3D(1, 0, 0, 0, 1, 0, 0, 0, 1, 10, 1.5, -10)
use_collision = true
size = Vector3(10, 2, 3)
material = ExtResource("3_yvv1s")

[node name="CSGBox3D8" type="CSGBox3D" parent="."]
transform = Transform3D(1, 0, 0, 0, 1, 0, 0, 0, 1, 18, 5, -21)
use_collision = true
size = Vector3(10, 2, 20)
material = ExtResource("3_yvv1s")

[node name="CSGBox3D7" type="CSGBox3D" parent="."]
transform = Transform3D(0.707107, -0.707107, 0, 0.707107, 0.707107, 0, 0, 0, 1, 11, 2, -21)
use_collision = true
size = Vector3(8, 2, 20)
material = ExtResource("3_yvv1s")

[node name="CSGBox3D9" type="CSGBox3D" parent="."]
transform = Transform3D(-3.09086e-08, 3.09086e-08, 1, 0.707107, 0.707107, 0, -0.707107, 0.707107, -4.37114e-08, -2, 2, -34)
use_collision = true
size = Vector3(8, 2, 20)
material = ExtResource("3_yvv1s")

[node name="CSGBox3D10" type="CSGBox3D" parent="."]
transform = Transform3D(-0.707107, 0.707107, -8.74228e-08, 0.707107, 0.707107, 0, 6.18173e-08, -6.18173e-08, -1, 0.728079, 2, -21)
use_collision = true
size = Vector3(8, 2, 20)
material = ExtResource("3_yvv1s")

[node name="CSGBox3D5" type="CSGBox3D" parent="."]
transform = Transform3D(1, 0, 0, 0, 1, 0, 0, 0, 1, 12, 1, -5)
use_collision = true
size = Vector3(10, 1, 3)
material = ExtResource("3_yvv1s")

[node name="DirectionalLight3D2" type="DirectionalLight3D" parent="."]
transform = Transform3D(-0.816398, 0.438781, -0.375454, 0.127647, 0.771178, 0.623691, 0.563206, 0.461254, -0.685597, 0, 12.0847, -13.6839)
light_color = Color(1, 1, 0.772549, 1)
light_energy = 0.2
shadow_enabled = true
directional_shadow_split_1 = 0.329
